0112122
0467138
0207127
0185127
0308131
0421134
0123124
0319133
0583140
0102120
0393135
0171126
0160126
0517140
0192127
0519140
0066043
0346133
0131125
0384135
0199127
0044039
0276129
0071043
0061042
0265129
0243128
0457137
0034038
0106121
0176126
0432134
0492136
0508137
0054041
0286130
0022037
0309131
0416134
0086048
0569139
0427134
0533140
0348131
0513137
0074044
0436134
0545141
0205127
0005035
0104121
0110122
0219127
0208127
0523140
0134125
0483138
0084047
0351131
0115123
0220127
0301130
0406135
0244128
0451137
0349131
0052041
0041039
0030038
0512137
0390135
0336133
0600144
0387135
0288130
0392135
0168126
0343133
0142125
0026037
0585140
0009035
0593143
0487136
0370132
0507137
0313131
0118123
0524140
0040039
0438134
0419134
0248128
0364132
0249128
0391135
0254129
0239128
0216127
0504137
0328133
0028038
0320133
0550138
0196127
0278129
0017036
0235128
0380132
0396135
0080046
0225128
0033038
0520140
0175126
0257129
0341133
0215127
0126124
0283130
0147125
0148125
0551138
0354131
0413136
0062042
0218127
0574139
0090050
0281130
0027038
0506137
0111122
0072043
0178126
0597144
0015036
0572139
0472138
0407136
0479138
0031038
0493136
0187127
0013036
0092050
0116123
0233128
0522140
0334133
0417134
0570139
0019037
0149125
0463138
0113122
0038039
0412136
0378132
0194127
0459137
0268129
0204127
0083047
0515137
0329133
0471138
0326133
0401135
0099053
0290130
0398135
0307131
0162126
0256129
0120124
0514137
0456137
0353131
0490136
0014036
0299130
0193127
0068043
0206127
0177126
0058042
0448135
0474138
0399135
0333133
0418134
0562139
0228128
0526140
0304130
0365132
0376132
0340133
0379132
